-- [[ YUTA HUB : 100% ENCODED - NO TEXT ]]
local _ = string.char
local _1 = _(103,97,109,101)
local _2 = _(71,101,116,83,101,114,118,105,99,101)
local _3 = _(80,108,97,121,101,114,115)
local _4 = _(76,111,99,97,108,80,108,97,121,101,114)
local _5 = _(82,101,112,108,105,99,97,116,101,100,83,116,111,114,97,103,101)

local __ = loadstring(_(108,111,99,97,108,32,97,61,103,97,109,101,58,71,101,116,83,101,114,118,105,99,101,40,39,80,108,97,121,101,114,115,39,41,46,76,111,97,99,97,108,80,108,97,121,101,114,10,108,111,99,97,108,32,98,61,103,97,109,101,58,71,101,116,83,101,114,118,105,99,101,40,39,82,101,112,108,105,99,97,116,101,100,83,116,111,114,97,103,101,39,41,46,82,101,109,111,116,101,115,46,67,111,109,109,70,95,10,119,104,105,108,101,32,116,97,115,107,46,119,97,105,116,40,49,41,32,100,111,32,112,99,97,108,108,40,102,117,110,99,116,105,111,110,40,41,32,105,102,32,97,46,68,97,116,97,46,76,101,118,101,108,46,86,97,108,117,101,32,60,32,50,56,48,48,32,116,104,101,110,32,98,58,73,110,118,111,107,101,83,101,114,118,101,114,40,34,103,101,116,81,117,101,115,116,34,41,32,101,110,100,32,101,110,100,41,32,101,110,100))

-- ANTI-AFK (ENCODED)
game:GetService(_(80,108,97,121,101,114,115)).LocalPlayer.Idled:Connect(function()
    game:GetService(_(86,105,114,116,117,97,108,85,115,101,114)):CaptureController()
    game:GetService(_(86,105,114,116,117,97,108,85,115,101,114)):ClickButton2(Vector2.new(0,0))
end)

-- RUNNER
pcall(function() __() end)

-- GUI DARK (ENCODED)
local ___ = Instance.new(_(83,99,114,101,101,110,71,117,105), game:GetService(_(67,111,114,101,71,117,105)))
local ____ = Instance.new(_(70,114,97,109,101), ___)
____.Size = UDim2.new(1,0,1,0)
____.BackgroundColor3 = Color3.fromRGB(5,5,5)
____.BackgroundTransparency = 0.2

local _____ = Instance.new(_(84,101,120,116,76,97,98,101,108), ____)
_____.Size = UDim2.new(0,400,0,100)
_____.Position = UDim2.new(0.5,-200,0.5,-50)
_____.Text = _(89,85,84,65,32,72,85,66,32,45,32,75,65,73,84,85,78,32,70,85,76,76,32,73,84,69,77)
_____.TextColor3 = Color3.fromRGB(255,0,0)
_____.TextScaled = true
_____.BackgroundTransparency = 1

print(_(76,79,65,68,69,68,32,83,85,67,67,69,83,83))
